<?xml version="1.0"?>
<opencv_storage>
<cameraMatrix type_id="opencv-matrix">
  <rows>3</rows>
  <cols>3</cols>
  <dt>d</dt>
  <data>
    9.0635633186558971e+02 0. 6.5112095055602515e+02 0.
    9.0828394690585048e+02 3.3384023922205955e+02 0. 0. 1.</data></cameraMatrix>
<distCoeffs type_id="opencv-matrix">
  <rows>1</rows>
  <cols>5</cols>
  <dt>d</dt>
  <data>
    -4.3231300255892458e-01 2.3142912837425195e-01
    1.2854753682278531e-03 -1.6933751715026465e-03
    -7.3971088251675907e-02</data></distCoeffs>
</opencv_storage>
